,0,1,2,3
231,0.5414581454649896,0.008372945856875761,0.040144299295055655,0.410024609383079
894,0.2564797867272164,0.395357166362032,0.34406300550245555,0.004100041408296118
3662,0.7231718986634931,0.005452108941750845,0.21332995905589738,0.05804603333885872
1751,0.6414952927851684,0.0002896568936578764,0.04833184307557855,0.30988320724559526
1751,0.6414952927851684,0.0002896568936578764,0.04833184307557855,0.30988320724559526
791,0.18252666017252336,0.24538838343715091,0.14985367600489205,0.4222312803854338
546,0.03536254931285481,0.0468771045083899,0.0379816090558911,0.8797787371228641
3350,0.00829592774265233,0.14882638744428933,0.21806751757134946,0.6248101672417088
2319,0.760713265727706,0.11176771222900136,0.1018074904451552,0.025711531598137553
1672,0.3767689456586277,0.30041401419607183,0.02589598149850184,0.2969210586467987
2045,0.17947286792287875,0.2849623488646841,0.2899205505094634,0.2456442327029737
3796,0.004361730153255242,0.14876933915031282,0.5681565307521768,0.278712399944255
4981,0.10965865033095692,0.6696182219850214,0.20025646590320226,0.020466661780819403
1982,0.01449100175744326,0.0009092755796561193,0.5250811591235637,0.4595185635393369
3157,0.07507176891975267,0.08897428816073492,0.3147311339287794,0.521222808990733
965,0.08656130012598497,0.004063490289888941,0.304282850666649,0.605092358917477
1283,0.0002704701107450181,0.40074513830828845,0.23749284553315347,0.36149154604781303
4245,0.1338792350819579,0.27366964159865725,0.3026718205797063,0.2897793027396784
971,0.12488750188170368,0.22098983581633727,0.10150623682995599,0.552616425472003
4483,0.6692281191361195,0.18849958596861868,0.14092321189656823,0.0013490829986936201
3091,0.41380779793270506,0.014780209885569433,0.003381968974850613,0.5680300232068749
1748,0.2635733147798323,0.4684331464983011,0.11208816671261132,0.1559053720092553
218,0.6292781154880576,0.006604622307476419,0.06684260187936705,0.29727466032509897
2036,0.33202301961385394,0.001636381176408198,0.30200857081381177,0.36433202839592616
3789,0.1465671632123615,0.8335902205976624,0.011553340231333415,0.008289275958642787
2133,0.69922597079982,0.0850997875443105,0.21229709514349607,0.0033771465123734385
2783,0.003800603127031025,0.10084098108077341,0.8130086168548546,0.08234979893734101
602,0.05804904425332328,0.018453631910372623,0.6640300467057324,0.2594672771305716
1411,0.33864198661029943,0.0008746061178208074,0.623247858490388,0.037235548781491726
1439,0.006692560221826986,0.23624032875097764,0.1215555843801307,0.6355115266470648
1439,0.006692560221826986,0.23624032875097764,0.1215555843801307,0.6355115266470648
742,0.2343382940682271,0.3743353994718759,0.3906570182368154,0.0006692882230814873
4824,0.581419271911384,0.006476427133290813,0.06573871539843387,0.3463655855568914
2318,0.00925624313634062,0.8120693581711271,0.17112218754532463,0.0075522111472078315
1314,0.35908724907246076,0.5249646403466407,0.08708632768997558,0.028861782890922973
1398,0.1811603132994462,0.13391243358489532,0.5258993096739548,0.15902794344170365
915,0.33998351018108924,0.21885607810429478,0.4389671804671423,0.0021932312474736513
1428,0.3437689776892756,0.1749647687375989,0.01574553099813635,0.4655207225749892
869,0.09479093187123971,0.19589000699393966,0.6037954681684052,0.10552359296641553
4256,0.0434416431120748,0.4321976938741049,0.3240870655020648,0.20027359751175552
361,0.004167645434866914,0.5028438273990784,0.40233558564630223,0.09065294151975241
1244,0.03670099252790711,0.5433403231210188,0.1262728337502533,0.2936858506008207
3048,0.24920486623689933,0.0011248246659017935,0.7155989146904005,0.03407139440679841
108,0.22609389932525945,0.03253640113826589,0.6981881333219465,0.04318156621452812
108,0.22609389932525945,0.03253640113826589,0.6981881333219465,0.04318156621452812
3188,0.08084539248886959,4.561793815496365e-06,0.49720258917637256,0.42194745654094246
4541,0.015342366059834422,0.6223036558311895,0.3517592644612326,0.010594713647743543
1138,0.26750399576616213,0.004805488384437383,0.22610558862413963,0.5015849272252608
3483,0.3627583551523228,0.0015130343380890974,0.12855569182529142,0.5071729186842967
149,0.4840607242795405,0.43093918257578534,0.0015542177036932277,0.0834458754409809
4974,0.5809571349424404,0.014014729387703949,0.3890413258218113,0.015986809848044382
1878,0.04636424445547576,0.0771774412507946,0.6848602007874584,0.19159811350627115
4802,0.07958251275320072,0.9068201356381214,0.009257067971030944,0.004340283637647016
4779,0.1210258488404157,0.00942052610501559,0.09713257572213412,0.7724210493324345
3061,0.39013533373181375,0.09604865286829917,0.2416985640268612,0.2721174493730259
626,0.6836281316553863,0.11646379634591168,0.18474590166118154,0.01516217033752044
44,0.03906515655956219,0.006898248654783119,0.476233544169995,0.4778030506156596
945,0.09574147915882367,0.05704794299533427,0.02384502047163932,0.8233655573742027
284,0.1803045850664593,0.4114284299527675,0.0032510348596832116,0.40501595012108993
2105,0.5246742374318145,0.00438957834382385,0.3045608811317859,0.16637530309257573
3704,0.5504099221935994,0.04334954496461301,0.4004534607505503,0.0057870720912372225
4237,0.26732000628549035,0.2906367368297237,0.08432159117030598,0.3577216657144801
2723,0.0017772448829130982,0.28986238010414345,0.5949723926785049,0.11338798233443861
2723,0.0017772448829130982,0.28986238010414345,0.5949723926785049,0.11338798233443861
476,0.6919550031483299,0.004912878317683958,0.10817981728503802,0.19495230124894808
1528,0.05377694242309968,0.20347196716204607,0.7256145962858834,0.01713649412897077
3905,0.1894951858050428,0.1502938530694048,0.24921585265824522,0.4109951084673072
1701,0.20395577933261444,0.7616261927115396,0.009296747013265716,0.025121280942580374
2763,0.5118740719903034,0.018246379747187368,0.002035969589648603,0.4678435786728606
4562,0.2736094249604544,0.005870292269348654,0.3599647515702818,0.3605555311999152
3674,0.4143688451148602,0.0017328698109739553,0.3682521647959691,0.2156461202781967
2559,0.02729297763194008,0.006723933716521844,0.5710470848115807,0.3949360038399573
3905,0.4398640745836324,0.1578468290005551,0.09981606269594183,0.3024730337198706
3797,0.1999634555297939,0.16082817153931955,0.252571226558402,0.3866371463724846
4669,0.04431920147906623,0.3608010129521691,0.5126704684823405,0.08220931708642415
1039,0.3377400519900111,0.17555642057526594,6.546563948585724e-05,0.48663806179523716
4813,0.16904941520740582,0.15154952546437403,0.6774598214111975,0.001941237917022836
4813,0.16904941520740582,0.15154952546437403,0.6774598214111975,0.001941237917022836
1928,0.027114476301899185,0.8752536574132287,0.020087411441851534,0.07754445484302043
724,0.02860690311902244,0.041041502983364064,0.7777214741039331,0.15263011979368035
169,0.5362966437696948,0.41238803417233877,0.022385295754564785,0.02893002630340168
2323,0.550898530137096,0.003645008601946151,0.30325732344380907,0.14219913781714885
3898,0.35698868859222943,0.0013569725180463436,0.09388679463353405,0.5477675442561901
1085,0.31196385694159817,0.4630873130323952,0.0024618916951804244,0.2224869383308262
2409,0.002717713934203215,0.7646596072558829,0.02347040929335081,0.20915226951656304
4921,0.18198346986832795,0.04115947627977571,0.7660521389792386,0.010804914872657804
4454,0.7140660370834843,0.23921925173733186,0.011332018430843131,0.03538269274834072
4454,0.7140660370834843,0.23921925173733186,0.011332018430843131,0.03538269274834072
581,0.5015941566808243,0.006941874741032456,0.4578364711827098,0.033627497395433435
2253,0.02091568532209758,0.3268100834818193,0.4717387655221289,0.18053546567395426
2642,0.004485730408388824,0.016240688562861177,0.473838654423196,0.505434926605554
3451,0.4278173287963983,0.2634379150223979,0.29909991242997824,0.00964484375122558
2373,0.017739680593227156,0.021400637101932435,0.34224998741335744,0.618609694891483
2446,0.1625616148215834,0.20993476848227532,6.774161090242256e-05,0.6274358750852389
1164,0.0881834395583491,0.5220805874481698,0.38147249137120737,0.008263481622273694
157,0.0006718614137466117,0.7323525797738152,0.17694169315721264,0.09003386565522561
469,0.1780248585989877,0.20943160370540326,0.2935331931751123,0.31901034452049665
2733,0.18209367602970575,0.5801506161610892,0.015970744822800684,0.2217849629864043
4156,0.03857869248253785,0.76667783191613,0.015612637822808143,0.17913083777852395
2720,0.01874408506867827,0.061366946581854084,0.29828980182841525,0.6215991665210524
2720,0.01874408506867827,0.061366946581854084,0.29828980182841525,0.6215991665210524
3663,0.038145114536053196,0.04580927288446608,0.009007581505187724,0.907038031074293
2989,0.032428285290160036,0.8263158804244576,0.06786107287120484,0.07339476141417753
4033,0.35850723016763664,0.004862421765141961,0.598891977401159,0.03773837066606245
634,0.00324241686538133,0.0802763467089884,0.1630409130724946,0.7534403233531357
2414,0.09667411250178395,0.008079043743819845,0.531127114011586,0.3641197297428103
2576,0.005000283985336932,0.27701291385395543,0.009314477039034725,0.7086723251216729
3613,0.33455855778205656,0.07422417508415954,0.0278258341973729,0.563391432936411
4948,0.26325692075217483,0.18383545275887317,0.4844387073510988,0.06846891913785315
1651,0.15424772935399086,0.13874394423667946,0.004745274541369005,0.7022630518679607
375,0.026129987887444785,0.385626992360705,0.5729791151274463,0.015263904624404013
1828,0.010029943504892454,0.5302163872962565,0.020146015061400655,0.4396076541374503
4905,0.017100076810453297,0.012297013618861501,0.3763715574760827,0.5942313520946026
4905,0.017100076810453297,0.012297013618861501,0.3763715574760827,0.5942313520946026
2332,0.0009428726497795571,0.44960454501000485,0.09932905113670341,0.45012353120351223
3185,0.5480740123093251,0.3313924375394572,0.12034934201836221,0.00018420813285527962
2513,0.8227649768290703,0.014124224974345718,0.07830150578717014,0.0848092924094138
1993,0.2120757190821091,0.21416099580189546,0.5677099688676759,0.006053316248319677
1063,0.12268879995258616,0.4637206264824163,0.15852565879049457,0.255064914774503
2858,0.540883921818425,0.3051207370476439,0.1443201793602285,0.00967516177370252
2858,0.540883921818425,0.3051207370476439,0.1443201793602285,0.00967516177370252
308,0.3749384711994013,0.0008870668323030831,0.23960889417192255,0.384565567796373
1723,0.026016040399294716,0.00034742942112859083,0.031561391809449495,0.9420751383701272
452,0.5337353237967987,0.453680477218317,0.0010227358785770456,0.01156146310630742
4711,0.5403151965937175,0.010597101609973177,0.2380832178436718,0.21100448395263738
964,0.7834533290464101,0.05508618275589656,0.15315368865926818,0.008306799538425207
4775,0.014470635210213304,0.7117697249244213,0.17842962359684336,0.09533001626852208
1840,0.18205885731423901,0.01626746479307634,0.7963718273102575,0.005301850582427111
3502,0.0020736661904905873,0.3422158973000165,0.005385184035560429,0.6503252524739325
3519,0.30442523380787867,0.17534986466332636,0.00024853052711571176,0.5199763710016791
4112,0.4919407021087239,0.05165030291871447,0.005281737802449018,0.4511272571701127
3488,0.21760910092340574,0.0012002095524569303,0.18978816597199122,0.5914025235521461
2495,0.006196667675494488,0.11667533847903051,0.41902302607408154,0.45810496777139353
4438,0.13171938039520828,0.03419279440733691,0.004077784883332866,0.830010040314122
686,0.005918047424579709,0.45685767981898406,0.23875170065780804,0.2984725720986283
1805,0.29735847626599354,0.005776870164449914,0.6849599705580126,0.011904683011543966
477,0.16990971987082082,0.48520654415360875,0.23492751324024644,0.10995622273532392
1678,0.12899158986310985,0.3310796547122535,0.5375861766544681,0.002342578770168579
3272,0.009110264719354364,0.4608574878445623,0.0051628465262197705,0.5248694009098637
4463,0.7010904251128819,0.08762848458536139,0.20522480589326036,0.006056284408496454
4288,0.31730353115180787,0.36243951174017086,0.3176491749763807,0.00260778213164063
90,0.0006387697248288032,0.3991571424894429,0.26008160476197295,0.3401224830237554
1334,0.538906958865238,0.42185066785375797,0.008823480632276285,0.03041889264872793
3202,0.007102055356657636,0.25373301226819134,0.4083595165204728,0.3308054158546782
3616,0.27150973294169367,0.25663002603980534,0.0005924624050460734,0.47126777861345504
182,0.16288913512870098,0.0012731802252965766,0.7936261889669725,0.04221149567903001
4016,0.07034724321337417,0.3505023963303059,0.002953123746784768,0.5761972367095352
3270,0.01346421576247538,0.7532094538617083,0.12504708048477858,0.10827924989103782
3894,0.345742549156458,0.19307865041630595,0.13096859320178136,0.3302102072254547
3191,0.11388411688443466,0.10473161657141625,0.2727025521237575,0.5086817144203916
3245,0.06770481234321359,0.012435889529150857,0.22449024434885664,0.6953690537787789
3699,0.0005023011521226273,0.6938925398730343,0.11758880913069439,0.18801634984414872
615,0.16658099959355196,0.07729849984817226,0.7187615919452334,0.03735890861304228
4619,0.21423001005823022,0.11699520437435325,0.0008942973668319894,0.6678804882005845
4958,0.009148109903541153,0.0626092739155318,0.7786706243925992,0.1495719917883279
496,0.000882617040972859,0.8340801300436451,0.13296080786643047,0.032076445048951636
4697,0.035676254381752974,0.518570498483925,0.01506440678727756,0.43068884034704447
2289,0.3127727342234587,8.83347467673898e-05,0.5433311236551975,0.1438078073745764
4259,0.5864874023064969,0.3391810613966167,0.07431927276014408,1.2263536742375612e-05
4259,0.5864874023064969,0.3391810613966167,0.07431927276014408,1.2263536742375612e-05
4477,0.05711577683061657,0.004173326843299914,0.27502469295572224,0.6636862033703612
880,0.3361284839131963,0.28247407802517854,0.3793623449743222,0.0020350930873029743
4038,0.14737289907370169,0.519552801337123,0.0014864149209710654,0.3315878846682041
2655,0.08794841397440209,0.12041797201468565,0.016050931998987543,0.7755826820119246
2655,0.08794841397440209,0.12041797201468565,0.016050931998987543,0.7755826820119246
3444,0.2965518873571867,0.17217028163348475,0.2194563214566771,0.31182150955265153
1840,0.0013170267634976696,0.8174635827304131,0.03532212825966091,0.14589726224642835
3672,0.23221296188967794,0.0957532465640654,0.6670678142497392,0.004965977296517408
283,0.0012218772099122227,0.4090832921988279,0.36183004400184976,0.22786478658941026
2894,0.6019725536613044,0.07269698023850994,0.010851291411149254,0.31447917468903647
2703,0.3091009127828322,0.0021855892976063588,0.6773292632568376,0.011384234662723793
4243,0.12689027550773557,0.26143838603379854,0.6075983774143056,0.0040729610441603585
4243,0.12689027550773557,0.26143838603379854,0.6075983774143056,0.0040729610441603585
3377,0.4329484531375921,0.17501603930876866,0.05505720517125037,0.3369783023823888
1152,0.5290002027558126,0.31310902155786413,0.004842805876906765,0.15304796980941646
3640,0.14805894382787413,0.07292825249152124,0.7655645750887792,0.013448228591825536
3640,0.14805894382787413,0.07292825249152124,0.7655645750887792,0.013448228591825536
934,0.011746527192124698,0.009799469522263847,0.4573131320145847,0.5211408712710268
2632,0.01081746145325132,0.05719368583730655,0.8813969748170633,0.050591877892378824
1864,0.002576424154634808,0.2519971837184388,0.13623238061761125,0.6091940115093151
161,0.17874336228006527,0.310789431190979,0.006215626024269408,0.5042515805046863
3923,0.3498556299808631,0.0021462259322185453,0.6305865818292865,0.01741156225763189
2929,0.1606240477306989,0.11933831845562472,0.038552782728348015,0.6814848510853283
692,0.06304702162926108,0.5842003434246913,0.004713491213754624,0.34803914373229294
3068,0.05864434107210944,0.13165999362654085,0.7929495403047839,0.01674612499656579
1093,0.12195151531014364,0.28494861857090487,0.02774935674081797,0.5653505093781336
247,0.027463653701038263,0.14620712405782504,0.0046865844653504705,0.8216426377757862
1082,0.23241761283762452,0.026961402402997426,0.7369287082308563,0.0036922765285217415
878,0.5321889018096859,0.24078094341349257,0.22681724832993277,0.00021290644688879424
2234,0.34813076582331026,0.018118110766101203,0.30803887766360644,0.3257122457469821
1436,0.7570640035001228,0.07193127537369301,0.13865717170225045,0.03234754942393381
1281,0.020165006997138593,0.9193596185913121,0.058655801882996614,0.0018195725285526981
1988,0.001835647150667614,0.19947182835875643,0.5976267797506603,0.2010657447399158
4969,0.2990984431946363,0.26722219659483487,0.42992009051436614,0.003759269696162756
4969,0.2990984431946363,0.26722219659483487,0.42992009051436614,0.003759269696162756
2960,0.33702330641251826,0.09824649547141306,0.0357626593862964,0.5289675387297723
2960,0.33702330641251826,0.09824649547141306,0.0357626593862964,0.5289675387297723
2960,0.33702330641251826,0.09824649547141306,0.0357626593862964,0.5289675387297723
1588,0.005973372550018616,0.009884292495940434,0.4127102218800891,0.5714321130739518
1588,0.005973372550018616,0.009884292495940434,0.4127102218800891,0.5714321130739518
1588,0.005973372550018616,0.009884292495940434,0.4127102218800891,0.5714321130739518
4354,0.5756824852480861,0.00720589674445539,0.13650520068437602,0.2806064173230826
1207,0.2675829779486189,0.02292529040306691,0.7009198516032104,0.008571880045103692
263,0.21357983469682734,0.0010855425186798876,0.29182981632506555,0.49350480645942724
958,0.0754917573276661,0.6670398357115955,0.2543105720690713,0.0031578348916669447
1800,0.5964857574879205,0.37477739223013534,0.010242665937169496,0.01849418434477467
4161,0.05375476774417092,0.543509943978358,0.40249923248463304,0.00023605579283810456
4161,0.05375476774417092,0.543509943978358,0.40249923248463304,0.00023605579283810456
1165,0.02642197750347397,0.0598291632357703,0.07182550052902091,0.8419233587317348
4154,0.0033792689144491834,0.037295207208025524,0.7399308241408866,0.2193946997366387
2119,0.4632291906028586,0.10158998924461647,0.05801530287680823,0.37716551727571657
2503,0.8165627877844792,0.06267513000709332,0.0066553227284068175,0.11410675948002066
4221,0.1339875858978423,0.5408131197501934,0.00314559860457217,0.322053695747392
1893,0.3364349388024971,0.6180152264470776,0.035531065969732954,0.010018768780692544
1893,0.3364349388024971,0.6180152264470776,0.035531065969732954,0.010018768780692544
1159,0.6957004496884657,0.08021932072285565,0.21958185065098085,0.0044983789376978525
1159,0.6957004496884657,0.08021932072285565,0.21958185065098085,0.0044983789376978525
2049,0.009684881409089297,0.30168864877548995,0.551564269620789,0.1370622001946318
3114,0.01163885543917358,0.6954964438497552,0.03227410818787809,0.2605905925231931
1810,0.27603940843254676,0.027912220298368554,0.38109753097205684,0.3149508402970279
2036,0.005018347080341933,0.47771386422027545,0.035950476264448264,0.48131731243493436
99,0.5570372205014195,0.4248826009213836,0.004805412528397134,0.013274766048800074
99,0.5570372205014195,0.4248826009213836,0.004805412528397134,0.013274766048800074
1630,0.5491464701010534,0.07633140245486442,0.02823254136519773,0.34628958607888444
2245,0.6076314242193993,0.22686488720685913,0.16445806165451968,0.0010456269192219753
2372,0.4663510819322948,0.493717936244265,0.0003263065728799014,0.03960467525056013
1694,0.05788704930367248,0.7420255532982387,0.04196658949858824,0.15812080789950048
1430,0.08862695405013553,0.3107711350095992,0.009997917113909117,0.5906039938263562
1386,0.0010079844365998706,0.02423448055127488,0.641138058356875,0.33361947665525016
4148,0.13617617642175628,0.6720684071269214,0.18630652459570146,0.005448891855620623
3048,0.2727941193631641,0.3968269078467779,0.0020327607526561685,0.3283462120374018
1346,0.128856068677255,0.7908127744139849,0.02165502532452842,0.05867613158423174
1108,0.02121461796922871,0.3346343926801759,0.010034561706247943,0.6341164276443474
363,0.12214881490064813,4.1608985894679506e-05,0.0020364984785462732,0.875773077634911
1539,0.5789992585551667,0.2187371129450871,0.15402296155029285,0.048240666949453274
4709,0.01985635840887426,0.17269483131995508,0.7810450068502794,0.026403803420891075
3300,0.0075978328250484815,0.23110913979728925,0.017759224103836572,0.7435338032738257
2503,0.021170420428427077,0.02879598089909847,0.3103316077548506,0.6397019909176239
3486,0.0007876015820902824,0.3736516814434004,0.34877683546509286,0.2767838815094165
1933,0.18547416138657138,0.01172038211347284,0.5229098298056883,0.2798956266942674
1933,0.18547416138657138,0.01172038211347284,0.5229098298056883,0.2798956266942674
1331,0.00510060135093396,0.24574975304900362,0.5701449436611531,0.17900470193890933
2785,0.3300268850863911,0.00039714882260329494,0.47976728730925633,0.18980867878174942
1560,0.3304132257350513,0.6283197871567335,0.03275622089147471,0.008510766216740495
3083,0.08949433622572195,0.863362416489679,0.044497144597108004,0.0026461026874909583
4522,0.13680240533002377,0.11999197089641594,0.07351570018692213,0.6696899235866383
848,0.629221359562246,0.11771399347120577,0.012808123665288173,0.24025652330126004
2929,0.006433444733837169,0.4624186958986149,0.5064720138502777,0.02467584551727024
2929,0.006433444733837169,0.4624186958986149,0.5064720138502777,0.02467584551727024
2866,0.12789842043865912,0.3999827410391664,0.17994655121617742,0.29217228730599704
1758,0.49747012862568024,0.478140449509667,0.0037803763067586833,0.02060904555789405
21,0.297867434183845,0.1130663300482624,0.20596827159052172,0.3830979641773709
1340,0.3174847537980602,0.6130220031896244,0.06479464241316346,0.004698600599152112
4078,0.016225302708255535,0.43059942986973554,0.21182761041089518,0.34134765701111375
2618,0.022229148431485775,0.40463790084189194,0.338595620786558,0.2345373299400644
846,0.5690235144352839,0.03684687205576844,0.3933596904817184,0.0007699230272293107
4119,0.001281092343139418,0.1606041685078471,0.43526200965244677,0.40285272949656664
2227,0.025400078595260868,0.15333887313499187,0.8019527185548252,0.019308329714922023
1362,0.012351881752440898,0.7017219341183394,0.032176690387560124,0.2537494937416596
1044,0.6704876079976106,0.010642751892364615,0.04258537568852032,0.27628426442150444
2705,0.37892839977416165,0.016154783778507688,0.5765596059840923,0.02835721046323834
2275,0.009758987019390028,0.92045238245252,0.007420700455727689,0.06236793007236223
405,0.07046639362626266,0.30384168762643676,0.2603725940792498,0.3653193246680508
2129,0.6972686915472336,0.0016428838011955653,0.29004033784942074,0.011048086802150097
2246,0.03785877969617668,0.5860403656499169,0.2911008341662618,0.08500002048764452
3906,0.22482406181610082,0.46275238169478206,0.30968676929503175,0.002736787194085507
2678,0.13753888850552315,0.042320632989852315,0.3012836617461417,0.5188568167584828
2678,0.13753888850552315,0.042320632989852315,0.3012836617461417,0.5188568167584828
948,0.2816861541851776,0.25878827485587713,0.4526460999565899,0.00687947100235534
948,0.2816861541851776,0.25878827485587713,0.4526460999565899,0.00687947100235534
1819,0.4746500537292206,0.0633035749264096,0.1546064394843064,0.3074399318600635
4794,0.02385016900012753,0.17898119018142328,0.022270251887479456,0.7748983889309696
401,0.0011795689025214586,0.4017970998112886,0.5776054009182733,0.019417930367916655
123,0.38073999330356334,0.018798891599330528,0.01293056859732067,0.5875305464997855
3141,0.5516181562700014,0.01928676119418935,0.005145504170441814,0.42394957836536745
3404,0.0006067935110305596,0.2871525252778579,0.4717384516602227,0.24050222955088887
1841,0.06316543178999695,0.7631965647343479,0.11165602187093165,0.06198198160472348
694,0.34910945390118664,0.3497637366132514,0.29687280210334915,0.004254007382212716
694,0.34910945390118664,0.3497637366132514,0.29687280210334915,0.004254007382212716
4626,0.21547520427877223,0.21387374097254172,0.2235862148870715,0.34706483986161446
1172,0.10325270448245526,0.13377756111825315,0.014336082177162916,0.7486336522221286
1172,0.10325270448245526,0.13377756111825315,0.014336082177162916,0.7486336522221286
2205,0.419623885651435,0.07681911281706934,0.07717416033583487,0.4263828411956609
2205,0.419623885651435,0.07681911281706934,0.07717416033583487,0.4263828411956609
2205,0.419623885651435,0.07681911281706934,0.07717416033583487,0.4263828411956609
1623,0.15615918031483914,0.4573855172726674,0.004130076005107063,0.3823252264073863
4708,0.6991941045178623,0.029119311461972514,0.16380021197362696,0.10788637204653807
1792,0.008221222256080114,0.013026625978652999,0.7549670398307132,0.2237851119345536
904,0.1482364667668412,0.005368717933059469,0.6106909256155322,0.2357038896845671
350,0.3900640504678941,0.2172678522152658,0.22959123786506452,0.16307685945177544
3084,0.20244490074813587,0.006533593968656577,0.17164837994453863,0.6193731253386691
2636,0.6602404872117125,0.06273789012032853,0.22352761696671034,0.05349400570124863
2636,0.6602404872117125,0.06273789012032853,0.22352761696671034,0.05349400570124863
4911,0.7343741292307454,0.05134116579565586,0.18347959530729072,0.03080510966630792
4108,0.21734693451628745,0.171163081466058,0.017549054859705718,0.5939409291579488
3191,0.26576892819165937,0.7261394116559222,0.0019556085787248404,0.006136051573693537
4606,0.49080530443561216,0.12922667299558532,0.06186403826670716,0.31810398430209536
486,0.0008163588673342128,0.2745816865070728,0.20840678617634514,0.5161951684492478
126,0.0003914342399853184,0.36383651499972025,0.01691823809567268,0.6188538126646217
2774,0.32767676558745823,0.017300432630943153,0.6187763964041648,0.03624640537743372
737,0.27662527714552126,0.092506935938625,0.3682848269781451,0.26258295993770864
1093,0.11965187745705737,0.019045407076481682,0.2907386841961952,0.5705640312702658
751,0.0095865182816886,0.7714390120763324,0.16746957127930795,0.05150489836267128
194,0.24626464576455698,0.009254885899658838,0.01439055544442991,0.7300899128913543
1376,0.6107649127422309,0.09423231704962937,0.2739752894502145,0.021027480757925224
2120,0.014132288537142509,0.07024083547843017,0.30332046984040667,0.6123064061440207
754,0.3352393490029008,0.5720107056305284,0.06888528967625593,0.02386465569031486
3345,0.33082411342095236,0.18542880622073565,0.165963542925712,0.3177835374325999
1215,0.49763720464127836,0.0005513953616318704,0.10731665859167543,0.3944947414054144
1723,0.18481644361282407,0.3538238758909471,0.39411947932735747,0.06724020116887137
4627,0.22373720378391923,0.22794820099025817,0.21176798704158947,0.33654660818423315
4627,0.22373720378391923,0.22794820099025817,0.21176798704158947,0.33654660818423315
222,0.5371727885323162,0.0038208635003847686,0.1485066523960164,0.31049969557128265
1508,0.0020275585858922623,0.2439055077643643,0.7420044691889636,0.012062464460779838
2154,0.7683786220333529,0.003170229665778022,0.1311429563314896,0.09730819196937944
2154,0.7683786220333529,0.003170229665778022,0.1311429563314896,0.09730819196937944
3123,0.020289054609753436,0.008428862617334953,0.17503556195730813,0.7962465208156035
1012,0.18550507366879063,0.5253197941635672,0.06703367374902458,0.2221414584186176
1012,0.18550507366879063,0.5253197941635672,0.06703367374902458,0.2221414584186176
1012,0.18550507366879063,0.5253197941635672,0.06703367374902458,0.2221414584186176
3851,0.000520135521771833,0.6769965040969619,0.030851471437329164,0.29163188894393716
3851,0.000520135521771833,0.6769965040969619,0.030851471437329164,0.29163188894393716
4103,0.09308163933950217,0.0696212323858142,0.4160716107680287,0.42122551750665493
4282,0.05976405569285553,0.005597024514876332,0.4639692463781155,0.47066967341415267
4282,0.05976405569285553,0.005597024514876332,0.4639692463781155,0.47066967341415267
4913,0.08703776444557497,0.010602604104637094,0.3469588885327633,0.5554007429170247
2000,0.6449359064480477,0.021662412062276766,0.008789613521559173,0.32461206796811626
4567,0.15591410186638477,0.013712725265248693,0.785907791781239,0.044465381087127324
910,0.286300645047337,0.24541228519467595,0.006333771595366787,0.46195329816262015
1359,0.0040895821574082865,0.31763913615332795,0.4343681421878935,0.24390313950137035
4139,0.46450143808437044,0.03461567928742297,0.49934817561668543,0.0015347070115210818
2683,0.2709423942955923,0.0418770237920456,0.029803203002568456,0.6573773789097936
1662,0.01915083806284509,0.3048744218785383,0.010563268509090234,0.6654114715495264
3869,0.6753615526323012,0.2476272624327735,0.0016611669813432792,0.07535001795358204
4688,0.24671771099555195,0.025954989506734406,0.6775338450851501,0.04979345441256352
4847,0.0072272621547769126,0.03637388726729354,0.19907181484510358,0.757327035732826
1779,0.01348383794959425,0.006942973667251918,0.0753724685228768,0.9042007198602771
1297,0.12458234322873546,0.3033071156774009,0.55060486196287,0.021505679130993705
2050,0.1841724523397012,0.26331363069605873,0.5514110839666204,0.0011028329976196785
4469,0.1645672968683314,0.67108909041435,0.0450067720981894,0.11933684061912919
2664,0.21809903260527522,0.002786722134446562,0.5120865213331178,0.26702772392716034
3882,0.6662196152760984,0.26803608503302717,0.006754818344164148,0.05898948134671045
2821,0.8342787916974391,0.137173151965331,0.027833670910693463,0.0007143854265361998
2527,0.4706326620366992,0.0182803325537857,0.499561369631566,0.01152563577794918
4233,0.27371864933684775,0.09838890621638076,0.007030918967807756,0.6208615254789638
523,0.22076705085256007,0.2305685304104168,0.5189886022454285,0.029675816491594665
1633,0.5671160865643889,0.389709847659346,0.036098435751846764,0.0070756300244182386
4452,0.49035544334402603,0.45596833255289787,0.05177332844677247,0.0019028956563035774
1484,0.6688057433416809,0.1786051084576844,0.14288903750944548,0.009700110691189121
2562,0.5118383987492382,0.19200669686753263,0.0039035258007131144,0.29225137858251604
52,0.49327791677630667,0.28763402239806485,0.008208789680352394,0.21087927114527608
3201,0.18809983791249774,0.17058070563877611,0.008057502832320651,0.6332619536164055
3109,0.019168530425837445,0.21777169389739995,0.7291256883096751,0.03393408736708761
4156,0.06200646062479826,0.5252649345598416,0.03250575360670004,0.3802228512086601
3369,0.013477190173913444,0.0261667088356698,0.196346015781325,0.7640100852090919
1525,0.004770174997440751,0.7958540009757916,0.18311819926470335,0.016257624762064323
637,0.2059198309754267,0.741657408075461,0.04989629010077885,0.0025264708483334164
4511,0.03215037228649669,0.604700945260389,0.3626832450523852,0.000465437400729077
1979,0.5738919391509367,0.0130365580984149,0.2771993125389519,0.13587219021169644
1764,0.19346812753016174,0.10511505291503538,0.009736226724344994,0.6916805928304579
3950,0.01037440300596109,0.15309250692491774,0.8357166250936703,0.0008164649754508033
3324,0.06396312596462117,0.5196881025217057,0.13055784379777177,0.28579092771590126
3952,0.0012150200420169154,0.3112936852583377,0.36913930703482783,0.3183519876648176
3952,0.0012150200420169154,0.3112936852583377,0.36913930703482783,0.3183519876648176
3663,0.013877187068872495,0.18558069978886485,0.5002608910763868,0.30028122206587593
2367,0.2458581945069101,0.0013702142224390047,0.5129219156880528,0.23984967558259807
2507,0.05759558975266449,0.019111592565351353,0.09975543359608986,0.8235373840858944
4562,0.1230603439684937,0.17160307656528445,0.12120024774735752,0.5841363317188644
3300,0.046472359658654476,0.04127180758600288,0.3036316096411744,0.6086242231141682
4266,0.004168977231114415,0.32153952743416253,0.627477201745683,0.04681429358904006
4266,0.004168977231114415,0.32153952743416253,0.627477201745683,0.04681429358904006
4199,0.33640610073270494,0.008332759560617077,0.5627957502912337,0.0924653894154442
2556,0.4319230044678165,0.15419699389000416,0.3643415409681876,0.04953846067399164
1039,0.4199503997699549,0.024377148956322984,0.1348186201890738,0.4208538310846482
831,0.026282975028848295,0.3279934481407347,0.6431079917482047,0.0026155850822123226
2095,0.04033709728842343,0.003918168223822418,0.801529315469177,0.15421541901857713
3830,0.45541846608239966,0.0020776687148959523,0.3146274991647988,0.22787636603790554
1698,0.25424504821005395,0.41703582317153204,0.3221879278136011,0.006531200804812908
4165,0.13849040267843415,0.28443553665056315,0.013817237191823114,0.5632568234791795
540,0.011364667729873018,0.4768103838958062,0.49060143648992754,0.021223511884393222
4518,0.0712492304957612,0.662905336581391,0.060126059808830214,0.20571937311401767
3882,0.002211276398151561,0.350329668667579,0.46772984329657774,0.1797292116376916
2918,0.7570359048992541,0.07336854419968392,0.158008803361441,0.011586747539621038
2841,0.00991031022134391,0.36339451919801335,0.12410492757592229,0.5025902430047204
3798,0.0011535483000825156,0.563556208551154,0.054006901528177664,0.38128334162058597
2676,0.00713174254463371,0.03881965841756137,0.05998639132536752,0.8940622077124374
3155,0.5370749400200613,0.4262646526210554,0.02345390281116895,0.013206504547714324
3658,0.5909714047619533,0.1100983237571355,0.012555129224686205,0.286375142256225
4185,0.06393110419143681,0.1363210040779309,0.7986950961951343,0.001052795535497875
1342,0.35360133784590836,0.5982680995387086,0.04694588554907863,0.0011846770663042528
1247,0.3435757689288729,0.2612044725325706,0.025979072101854978,0.36924068643670144
904,0.0051167533663487525,0.19441775146299475,0.6778145433395938,0.12265095183106267
3020,0.02888751504093937,0.287463469234048,0.06746487026399707,0.6161841454610156
3156,0.6364297701073587,0.3302347979447258,0.0023356916443274534,0.03099974030358814
3399,0.05736803442851881,0.3546068097360071,0.5798743345055326,0.008150821329941452
601,0.0032078705054153275,0.815101003494434,0.10532485378883738,0.0763662722113135
1860,0.3430653659439528,0.23326686797456797,0.4215735074817322,0.002094258599746937
818,0.5758249472738987,0.08971468145834621,0.24877002453539054,0.0856903467323646
2649,0.028804765639207773,0.09988428177340941,0.16882933676968706,0.7024816158176957
495,0.10413563267721906,0.5919923190694032,0.23176432061208885,0.07210772764128882
3111,0.28585495431043695,0.5030795868327422,0.20356625604266865,0.0074992028141519975
1877,0.0295579910920495,0.13363771883862738,0.046847647390090424,0.7899566426792327
1867,0.0054249310424692825,0.5136015599520231,0.0901543535425091,0.39081915546299856
3261,0.34471614412637247,0.4763606723571931,0.15251420603748317,0.026408977478951285
3635,0.11734258471917867,0.0017265835861990145,0.3991771078786422,0.48175372381598014
1025,0.29447421069588164,0.6891958194076814,0.01524210315524301,0.001087866741194016
1025,0.29447421069588164,0.6891958194076814,0.01524210315524301,0.001087866741194016
2363,0.07536013168183267,0.042387803121752554,0.16951044538732093,0.7127416198090938
2227,0.47327734106035085,0.2037889830337176,0.10332462806583899,0.2196090478400925
3602,0.2478158387529335,0.3448437881453435,0.39561368251586426,0.01172669058585874
3602,0.2478158387529335,0.3448437881453435,0.39561368251586426,0.01172669058585874
1258,0.4438018120601802,0.001361212607635228,0.18980316040181577,0.3650338149303688
3183,0.3460380135988909,0.0011844349634091455,0.6160186990636557,0.03675885237404421
1260,0.2766259692980664,0.6832639337562966,0.0028083956823449835,0.03730170126329217
1260,0.2766259692980664,0.6832639337562966,0.0028083956823449835,0.03730170126329217
317,0.0034578917471613717,0.24869754307529574,0.3124454822416269,0.43539908293591606
4011,0.009681884510181139,0.5218157021456896,0.0036964422888227707,0.46480597105530647
2811,0.491766239747178,0.07900809752500877,0.21368376017530905,0.21554190255250416
2402,0.01691577650282992,0.02605455684769374,0.8072877837186415,0.14974188293083485
3779,0.0024766444890436203,0.3207360687343372,0.3820718616885346,0.29471542508808457
529,0.00356084521287343,0.0637415245655632,0.3372548939420673,0.595442736279496
879,0.4579244687876023,0.5257706916812571,0.005187882674295209,0.011116956856845347
879,0.4579244687876023,0.5257706916812571,0.005187882674295209,0.011116956856845347
1130,0.002226419771677857,0.07361949603922091,0.4603132665107412,0.46384081767836
1155,0.5596555111947698,0.07310164218782611,0.08416964457799153,0.28307320203941266
1174,0.4191237398858809,0.0004571009499772865,0.012039457699148676,0.568379701464993
2540,0.019132993981913694,0.19238344255340498,0.5881156079943107,0.2003679554703705
601,0.5775629956559958,0.001561658294163703,0.20009157884380954,0.22078376720603093
726,0.4694876430482975,0.18378217968683488,0.0010953406898676701,0.3456348365750001
2818,0.3197673679504033,0.10690589135043364,0.565439218243534,0.007887522455628944
2818,0.3197673679504033,0.10690589135043364,0.565439218243534,0.007887522455628944
4656,0.2679452055268944,0.5512852697234522,0.09351650370356475,0.08725302104608883
2842,0.010886199321654218,0.01440683984693585,0.36687851488434614,0.6078284459470639
1444,0.011144439651854795,0.004243240684731094,0.49384035802259496,0.4907719616408191
4382,0.22681629398554015,0.405330903983818,0.24250932607349837,0.12534347595714326
3644,0.3523180725727962,0.340110144421555,0.27785983364426,0.029711949361388885
1700,0.05916837902351285,0.4225201009704215,0.518257118511875,5.4401494190580707e-05
3797,0.5240074697346918,0.24488898343875476,0.03866421477835981,0.1924393320481936
3796,0.05542823736511149,0.01514349417007238,0.29516389060728326,0.6342643778575328
4998,0.0027849968642177686,0.5831221551289573,0.24993205333093624,0.16416079467588865
890,0.47732190999940816,0.34140572274695385,0.005611823773372258,0.1756605434802658
2080,0.21408695767152536,0.5833900338688724,0.19522667528784382,0.007296333171758344
4106,0.24568959779087304,0.5078202084870816,0.23451378262051753,0.011976411101527652
1860,0.004877018848134531,0.4204515912611947,0.374355706534673,0.2003156833559978
688,0.4484633809422872,0.12165307765470036,0.011401624094384161,0.41848191730862816
2091,0.4186021172413804,0.2734296937371054,0.0012329284034428081,0.3067352606180713
1671,0.20438262736259993,0.5121805754186974,0.2673837172949129,0.0160530799237899
3570,0.30808492228669826,0.24619415184026344,0.19299355307234445,0.2527273728006938
3570,0.30808492228669826,0.24619415184026344,0.19299355307234445,0.2527273728006938
4652,0.00045126586170813075,0.00040338144258063785,0.6679848432698242,0.33116050942588704
844,0.1420701422169972,0.009051366900991469,0.002058360040021186,0.8468201308419901
4186,0.35223416041816064,0.6304461503091642,0.017318938536131163,7.507365440119151e-07
1953,0.27986754360177196,0.5965171093709499,0.03349636589861444,0.0901189811286637
1953,0.27986754360177196,0.5965171093709499,0.03349636589861444,0.0901189811286637
1276,0.1527151651023687,0.5741196803491613,0.10503105166832803,0.168134102880142
2883,0.025655994869823968,0.4090593236757758,0.0407493503723111,0.5245353310820892
3720,0.050406719593895484,0.5667793716685602,0.37614094799234177,0.0066729607452024305
1278,0.424078586724356,0.0008216901627713068,0.18515226534507442,0.3899474577677982
959,0.35252980468080264,0.2534165956488587,0.0008155191971988602,0.39323808047313985
1440,0.13601972278403057,0.10490313260706999,0.1760972814635144,0.5829798631453851
1968,0.03111569530144673,0.32877813409504153,0.6359415873120414,0.004164583291470331
1325,0.6351582020935669,0.03249607764286902,0.24571275478279475,0.08663296548076935
2920,0.0033311634356689213,0.8441587857737393,0.0010415749249078569,0.15146847586568396
3004,0.00307680012360057,0.03886144433046997,0.23737505055795838,0.7206867049879709
2719,0.4753435348405559,0.007234043344251014,0.34121545941775683,0.17620696239743625
2719,0.4753435348405559,0.007234043344251014,0.34121545941775683,0.17620696239743625
3081,0.5318769089927395,0.03286091762159833,0.43275459959804796,0.0025075737876142216
1740,0.06979384534487115,0.8170247926514466,0.08168226588248717,0.031499096121195065
1647,0.0029415563349815678,0.33274504652867193,0.47176648250355646,0.19254691463278995
3973,0.21591140888029597,0.010444184158659503,0.002673768876558928,0.7709706380844857
3992,0.7481837595576549,0.029382301854077968,0.03698231689318583,0.18545162169508123
3704,0.08528377343757852,0.04588659858175514,0.7345789515947301,0.13425067638593627
3842,0.3448232410790197,0.19365230557921748,0.005979679032160036,0.45554477430960283
877,0.5190682708750216,0.4513434458340291,0.007670205560964573,0.02191807772998468
